{
 "cells": [
  {
   "cell_type": "code",
   "execution_count": 1,
   "metadata": {},
   "outputs": [
    {
     "name": "stdout",
     "output_type": "stream",
     "text": [
      "[[1. 0. 0.]\n",
      " [0. 1. 0.]\n",
      " [0. 1. 0.]\n",
      " [0. 0. 1.]\n",
      " [0. 0. 1.]\n",
      " [0. 1. 0.]\n",
      " [1. 0. 0.]\n",
      " [0. 1. 0.]\n",
      " [0. 1. 0.]\n",
      " [0. 1. 0.]\n",
      " [0. 1. 0.]\n",
      " [1. 0. 0.]\n",
      " [0. 0. 1.]\n",
      " [1. 0. 0.]\n",
      " [0. 0. 1.]\n",
      " [1. 0. 0.]\n",
      " [1. 0. 0.]\n",
      " [0. 0. 1.]\n",
      " [1. 0. 0.]\n",
      " [0. 0. 1.]\n",
      " [1. 0. 0.]\n",
      " [0. 1. 0.]\n",
      " [1. 0. 0.]\n",
      " [0. 0. 1.]\n",
      " [0. 0. 1.]\n",
      " [0. 0. 1.]\n",
      " [1. 0. 0.]\n",
      " [1. 0. 0.]\n",
      " [0. 1. 0.]\n",
      " [0. 1. 0.]\n",
      " [1. 0. 0.]\n",
      " [1. 0. 0.]\n",
      " [1. 0. 0.]\n",
      " [0. 0. 1.]\n",
      " [1. 0. 0.]\n",
      " [0. 0. 1.]\n",
      " [0. 1. 0.]\n",
      " [0. 1. 0.]\n",
      " [1. 0. 0.]\n",
      " [0. 1. 0.]\n",
      " [1. 0. 0.]\n",
      " [0. 1. 0.]\n",
      " [1. 0. 0.]\n",
      " [1. 0. 0.]\n",
      " [1. 0. 0.]\n",
      " [0. 0. 1.]\n",
      " [0. 0. 1.]\n",
      " [0. 1. 0.]\n",
      " [0. 1. 0.]\n",
      " [0. 1. 0.]\n",
      " [1. 0. 0.]\n",
      " [1. 0. 0.]\n",
      " [0. 0. 1.]\n",
      " [0. 1. 0.]\n",
      " [0. 1. 0.]\n",
      " [1. 0. 0.]\n",
      " [1. 0. 0.]\n",
      " [1. 0. 0.]\n",
      " [0. 0. 1.]\n",
      " [0. 0. 1.]\n",
      " [0. 0. 1.]\n",
      " [1. 0. 0.]\n",
      " [1. 0. 0.]\n",
      " [1. 0. 0.]\n",
      " [0. 1. 0.]\n",
      " [0. 0. 1.]\n",
      " [1. 0. 0.]\n",
      " [0. 1. 0.]\n",
      " [0. 1. 0.]\n",
      " [1. 0. 0.]\n",
      " [0. 0. 1.]\n",
      " [0. 1. 0.]\n",
      " [0. 0. 1.]\n",
      " [0. 1. 0.]\n",
      " [1. 0. 0.]\n",
      " [0. 0. 1.]\n",
      " [0. 0. 1.]\n",
      " [0. 0. 1.]\n",
      " [0. 1. 0.]\n",
      " [1. 0. 0.]\n",
      " [0. 0. 1.]\n",
      " [0. 1. 0.]\n",
      " [0. 0. 1.]\n",
      " [0. 1. 0.]\n",
      " [1. 0. 0.]\n",
      " [0. 0. 1.]\n",
      " [1. 0. 0.]\n",
      " [1. 0. 0.]\n",
      " [0. 0. 1.]\n",
      " [1. 0. 0.]\n",
      " [1. 0. 0.]\n",
      " [1. 0. 0.]\n",
      " [1. 0. 0.]\n",
      " [1. 0. 0.]\n",
      " [1. 0. 0.]\n",
      " [0. 1. 0.]\n",
      " [0. 1. 0.]\n",
      " [0. 0. 1.]\n",
      " [1. 0. 0.]\n",
      " [1. 0. 0.]]\n"
     ]
    }
   ],
   "source": [
    "import cppapi\n",
    "import numpy as np\n",
    "from sklearn.preprocessing import OneHotEncoder\n",
    "from sklearn.metrics import log_loss\n",
    "from scipy.special import softmax\n",
    "\n",
    "\n",
    "enc = OneHotEncoder(sparse_output=False)\n",
    "\n",
    "X = np.random.randint(0, 3, (100, 1))\n",
    "\n",
    "Xenc = enc.fit_transform(X)\n",
    "\n",
    "print(Xenc)"
   ]
  },
  {
   "cell_type": "code",
   "execution_count": 3,
   "metadata": {},
   "outputs": [
    {
     "name": "stdout",
     "output_type": "stream",
     "text": [
      "Predictions:\n",
      " [[ 2.11361574e+00 -5.20651457e-01  1.13158799e+00]\n",
      " [-7.11852843e-01 -6.96159166e-01 -1.04418480e+00]\n",
      " [-1.42335019e+00 -1.14918928e+00  1.42706748e+00]\n",
      " [-2.07537433e+00 -1.20757645e-01  4.77228568e-01]\n",
      " [ 7.95142200e-01  1.16132473e+00 -6.88275937e-01]\n",
      " [-1.17259432e+00 -1.76711540e-01  4.45576462e-01]\n",
      " [ 3.41234287e-01 -1.24090737e+00 -9.16517333e-02]\n",
      " [ 3.16199873e-01 -8.65069284e-01 -1.13689991e-01]\n",
      " [ 3.78606809e-01  1.11572113e+00  2.47736497e-03]\n",
      " [-1.24330204e+00 -1.06209375e+00 -2.13556896e-01]\n",
      " [-1.54471669e+00  3.45445528e-01  2.14732650e+00]\n",
      " [-2.75844574e-01  4.63273437e-01  3.23706961e-01]\n",
      " [-6.86345875e-01 -1.96636175e-01  1.35609869e+00]\n",
      " [ 5.47389940e-01  6.60194561e-01 -9.10600250e-01]\n",
      " [ 1.14726164e+00 -4.11671980e-01 -1.73249463e+00]\n",
      " [-1.04001789e+00 -1.47540431e+00  9.86490186e-01]\n",
      " [-3.25398263e-01 -1.17936707e+00 -4.26262104e-01]\n",
      " [-1.70261444e+00 -1.26679105e+00  2.62026433e+00]\n",
      " [-7.73884946e-01 -2.49537461e-01  8.21235238e-01]\n",
      " [ 1.12978765e+00  2.16343160e+00  3.20192156e+00]\n",
      " [ 2.34619533e-01  1.12088961e+00  3.97703006e-01]\n",
      " [ 3.36383051e-01  1.82346359e+00 -3.82538650e-01]\n",
      " [-7.28933764e-01 -2.54369565e+00  9.35190203e-01]\n",
      " [-3.52869104e-01  8.36388209e-02 -1.22071264e+00]\n",
      " [-3.44073984e-01  7.80210426e-01 -1.96964313e-02]\n",
      " [ 4.51016097e-01 -1.51336459e+00  1.30247640e+00]\n",
      " [-5.42969357e-01 -2.08470963e+00  1.36635350e+00]\n",
      " [-4.86029484e-01 -7.61181713e-01  1.60209240e-01]\n",
      " [-1.16549440e+00  4.47251082e-01 -5.02794794e-01]\n",
      " [-6.92438301e-01 -1.84876745e+00 -1.25039822e+00]\n",
      " [-1.27408723e+00 -3.64678865e-01  1.81325963e-01]\n",
      " [ 1.47564448e-01  1.57462109e+00  1.20266193e+00]\n",
      " [-1.79909715e+00 -3.26630733e-01 -1.06332607e+00]\n",
      " [-1.55588354e+00 -1.69246505e+00 -1.74579664e+00]\n",
      " [ 6.34181772e-01  1.68286769e+00 -1.22370734e+00]\n",
      " [-9.47252404e-01 -9.82759434e-02 -2.42363852e-01]\n",
      " [ 1.94958759e+00 -7.26466274e-01 -1.46098524e+00]\n",
      " [-8.11817869e-01 -4.48992910e-01 -1.84204100e+00]\n",
      " [-4.53344612e-01  3.76239278e-01 -7.53338941e-01]\n",
      " [-3.50082614e-01 -7.79757699e-01  3.27494584e-01]\n",
      " [-8.15413617e-01  1.31821016e+00  1.31079719e+00]\n",
      " [-2.11970981e+00  6.67450759e-01 -7.95011141e-01]\n",
      " [ 3.41906875e-01  9.00456846e-01  1.61223851e-01]\n",
      " [-7.25807861e-01 -5.63456416e-01  1.46417161e+00]\n",
      " [-2.46840512e-01  1.82963387e-01 -7.70408764e-01]\n",
      " [ 7.07576355e-01  1.25724795e+00 -8.24444151e-01]\n",
      " [-1.26941454e-01 -1.42790012e-01 -3.95544260e-03]\n",
      " [ 8.73500028e-01  5.64147692e-01  1.01540626e-01]\n",
      " [ 1.25872050e+00 -2.89806184e-03 -3.60892468e-01]\n",
      " [-4.90656125e-01 -1.38521969e+00  5.84543879e-02]\n",
      " [-9.48534147e-01 -1.36488297e+00  6.93120490e-01]\n",
      " [-1.95150700e+00 -5.50448061e-01  9.49541953e-01]\n",
      " [ 2.54664136e-01  2.34999183e-02  8.71636632e-01]\n",
      " [ 6.53554154e-02  4.81401837e-01 -6.47828544e-01]\n",
      " [ 3.46296134e-01  2.17918525e-01 -1.41482555e+00]\n",
      " [-4.53979585e-01 -1.21904213e+00 -4.05102130e-01]\n",
      " [-3.20544003e-01 -1.17762431e+00  6.81846812e-01]\n",
      " [ 3.73246675e-02 -1.21353385e+00  5.03551442e-01]\n",
      " [ 5.79422274e-01 -2.67532767e-01  1.73101363e-01]\n",
      " [ 2.39814954e+00 -5.60830166e-01 -2.40685706e+00]\n",
      " [ 4.61378208e-01 -3.75874927e-02 -1.60571147e+00]\n",
      " [ 5.10908965e-01  1.01340172e-01  7.01469603e-01]\n",
      " [ 8.36745945e-01  1.35496571e+00  1.08459437e-01]\n",
      " [ 1.45814610e+00 -4.85086301e-01  4.47378611e-01]\n",
      " [ 7.00420429e-01  3.54087424e-01 -1.01373107e+00]\n",
      " [-6.94563445e-02 -2.44247089e+00 -7.21082095e-02]\n",
      " [ 6.48320678e-01  3.37052779e-01  5.81146972e-02]\n",
      " [-4.69896342e-01 -2.90727820e-01  3.32825094e-01]\n",
      " [-1.03207759e+00 -8.86637914e-01  9.11983662e-01]\n",
      " [ 1.07060474e+00 -6.53537757e-02 -7.73388833e-01]\n",
      " [ 1.57310416e-01  7.35396849e-01 -5.94919866e-01]\n",
      " [ 1.82517725e+00  2.27010388e+00  3.26531173e-01]\n",
      " [ 1.44299786e-01  1.16198126e-03 -8.83277044e-01]\n",
      " [ 8.96677791e-01 -3.65509118e-01  5.45946511e-01]\n",
      " [-2.26203400e-01  5.29338817e-01 -9.68404742e-01]\n",
      " [-1.42168685e-01 -1.49275961e+00 -1.33471544e-01]\n",
      " [-5.30322645e-02 -1.85350987e-01  9.75302786e-01]\n",
      " [ 7.84218041e-02 -2.26680753e+00  4.78151346e-01]\n",
      " [-1.67210055e+00  1.24884807e+00 -3.45043039e-01]\n",
      " [-7.92334071e-01  8.09030195e-01  1.15882832e+00]\n",
      " [ 3.65264142e-01 -3.03264320e-01  2.62341088e+00]\n",
      " [ 3.83664592e-01 -1.33735775e+00  2.29934966e-01]\n",
      " [ 2.15570444e+00  5.96585850e-01 -1.01004097e+00]\n",
      " [-1.63202010e-01  1.85805744e-01 -4.41374686e-01]\n",
      " [ 1.10959930e+00  4.99291760e-01 -2.14546205e+00]\n",
      " [ 1.29764509e+00  7.49533990e-01 -1.29016194e+00]\n",
      " [ 2.25967138e-01 -1.37081508e+00 -1.92311584e+00]\n",
      " [-1.53512769e+00  1.40083340e+00  8.67593945e-02]\n",
      " [-7.46318799e-01 -1.55142259e+00  6.23117898e-01]\n",
      " [-3.13596816e-01 -1.80313744e+00  7.93131902e-01]\n",
      " [ 8.76233766e-01  9.56974999e-01  4.56283654e-01]\n",
      " [-8.94889764e-01 -7.43259653e-02  4.39836733e-01]\n",
      " [-1.60962494e+00 -2.66346226e-01 -2.37833300e-01]\n",
      " [-7.10767790e-02  1.08297759e+00  4.43262556e-01]\n",
      " [-1.99594227e-01 -4.08127232e-01  2.07091379e+00]\n",
      " [-1.08905728e+00 -7.44796379e-01  1.66437234e+00]\n",
      " [-9.48927783e-01 -1.32322953e-01  1.03516319e+00]\n",
      " [ 2.24632319e+00 -1.36685899e+00  1.05420960e+00]\n",
      " [ 9.57329076e-01 -4.83781477e-01 -8.20303246e-01]\n",
      " [ 1.12352626e+00  1.44362631e-01  1.42098488e-01]]\n",
      "Python softmax:\n",
      " [[0.69140879 0.04962348 0.25896774]\n",
      " [0.36588936 0.3716768  0.26243384]\n",
      " [0.05099327 0.0670779  0.88192883]\n",
      " [0.04784301 0.33782963 0.61432736]\n",
      " [0.37466102 0.54034304 0.08499594]\n",
      " [0.11427306 0.30935011 0.57637683]\n",
      " [0.5393252  0.1108499  0.34982489]\n",
      " [0.51086358 0.15677841 0.33235801]\n",
      " [0.26480179 0.55340821 0.18178999]\n",
      " [0.20003933 0.23978011 0.56018056]\n",
      " [0.02094364 0.13865616 0.8404002 ]\n",
      " [0.20344267 0.42602681 0.37053051]\n",
      " [0.09669988 0.15779896 0.74550116]\n",
      " [0.42514897 0.47591737 0.09893365]\n",
      " [0.78957214 0.16609461 0.04433325]\n",
      " [0.10828887 0.07006448 0.82164665]\n",
      " [0.42922543 0.18273069 0.38804388]\n",
      " [0.01282847 0.01983584 0.9673357 ]\n",
      " [0.13126327 0.22175041 0.64698633]\n",
      " [0.08508434 0.23919689 0.67571877]\n",
      " [0.21724024 0.52703867 0.25572108]\n",
      " [0.16916358 0.74840683 0.08242959]\n",
      " [0.15518501 0.02527602 0.81953897]\n",
      " [0.33702369 0.5214749  0.14150141]\n",
      " [0.18311051 0.56361662 0.25327286]\n",
      " [0.28708337 0.04026135 0.67265528]\n",
      " [0.12558829 0.02687694 0.84753477]\n",
      " [0.27264256 0.20706016 0.52029728]\n",
      " [0.12568202 0.63049203 0.24382595]\n",
      " [0.5299376  0.16673907 0.30332333]\n",
      " [0.12871492 0.31958024 0.55170485]\n",
      " [0.12439864 0.51829672 0.35730464]\n",
      " [0.13428107 0.58546216 0.28025677]\n",
      " [0.37045733 0.32316297 0.3063797 ]\n",
      " [0.24938278 0.71171311 0.03890411]\n",
      " [0.18653673 0.4359836  0.37747967]\n",
      " [0.90755917 0.06247115 0.02996967]\n",
      " [0.3578699  0.51439656 0.12773354]\n",
      " [0.24794287 0.56837548 0.18368164]\n",
      " [0.2762567  0.1797659  0.5439774 ]\n",
      " [0.0560901  0.47370424 0.47020566]\n",
      " [0.04762833 0.77323906 0.17913261]\n",
      " [0.27910853 0.48791961 0.23297186]\n",
      " [0.08999844 0.10586279 0.80413877]\n",
      " [0.31955426 0.49114086 0.18930488]\n",
      " [0.33912301 0.58759298 0.07328401]\n",
      " [0.32101235 0.31596487 0.36302278]\n",
      " [0.45536742 0.33420423 0.21042835]\n",
      " [0.67514168 0.19119694 0.13366138]\n",
      " [0.31842084 0.13016597 0.55141319]\n",
      " [0.14655973 0.09664884 0.75679143]\n",
      " [0.04300573 0.17458161 0.78241266]\n",
      " [0.27420415 0.21761092 0.50818493]\n",
      " [0.33266384 0.50430383 0.16303233]\n",
      " [0.48747834 0.42874754 0.08377412]\n",
      " [0.39755164 0.1849827  0.41746566]\n",
      " [0.24101102 0.10228493 0.65670405]\n",
      " [0.34719481 0.09938762 0.55341757]\n",
      " [0.47736918 0.20465694 0.31797388]\n",
      " [0.94334242 0.04893288 0.0077247 ]\n",
      " [0.57679711 0.35020716 0.07299573]\n",
      " [0.34796355 0.2310257  0.42101075]\n",
      " [0.3162784  0.5310428  0.1526788 ]\n",
      " [0.66349087 0.09503856 0.24147057]\n",
      " [0.52983125 0.37473741 0.09543134]\n",
      " [0.47834279 0.04458124 0.47707597]\n",
      " [0.43730553 0.320334   0.24236046]\n",
      " [0.22584436 0.27016006 0.50399558]\n",
      " [0.1093659  0.12648691 0.76414718]\n",
      " [0.67599603 0.21707191 0.10693206]\n",
      " [0.30731991 0.54783585 0.14484424]\n",
      " [0.35922015 0.5605184  0.08026144]\n",
      " [0.44953766 0.38958491 0.16087744]\n",
      " [0.50321876 0.14242821 0.35435304]\n",
      " [0.27740557 0.5905314  0.13206302]\n",
      " [0.44095168 0.1142449  0.44480342]\n",
      " [0.21401967 0.18749444 0.5984859 ]\n",
      " [0.3865113  0.03703753 0.57645117]\n",
      " [0.04286544 0.79553469 0.16159987]\n",
      " [0.07694286 0.38162078 0.54143635]\n",
      " [0.09027057 0.04626025 0.86346918]\n",
      " [0.49106579 0.08784341 0.4210908 ]\n",
      " [0.79840061 0.16792071 0.03367868]\n",
      " [0.31497787 0.44653158 0.23849055]\n",
      " [0.63220626 0.3434042  0.02438954]\n",
      " [0.60487821 0.34964419 0.04547761]\n",
      " [0.75807066 0.15354511 0.08838424]\n",
      " [0.04015704 0.75654255 0.20330042]\n",
      " [0.18586752 0.0830905  0.73104198]\n",
      " [0.23529829 0.05305417 0.71164754]\n",
      " [0.36480774 0.39548454 0.23970772]\n",
      " [0.14142797 0.32129328 0.53727875]\n",
      " [0.11397319 0.43669803 0.44932878]\n",
      " [0.17112866 0.54265298 0.28621836]\n",
      " [0.08698607 0.07061305 0.84240088]\n",
      " [0.05522629 0.07792135 0.86685236]\n",
      " [0.09491955 0.21478435 0.6902961 ]\n",
      " [0.75157181 0.02026681 0.22816138]\n",
      " [0.71138798 0.16836048 0.12025153]\n",
      " [0.57129774 0.21459379 0.21410847]]\n",
      "softmax matrix\n",
      " [[0.6914088  0.04962347 0.25896773]\n",
      " [0.36588934 0.37167677 0.26243383]\n",
      " [0.05099327 0.0670779  0.8819288 ]\n",
      " [0.04784301 0.33782962 0.6143274 ]\n",
      " [0.374661   0.54034305 0.08499594]\n",
      " [0.11427307 0.3093501  0.57637686]\n",
      " [0.5393252  0.11084989 0.3498249 ]\n",
      " [0.51086354 0.15677841 0.332358  ]\n",
      " [0.2648018  0.5534082  0.18179001]\n",
      " [0.20003934 0.23978011 0.56018054]\n",
      " [0.02094364 0.13865617 0.84040016]\n",
      " [0.2034427  0.42602682 0.37053052]\n",
      " [0.09669989 0.15779896 0.74550116]\n",
      " [0.425149   0.47591743 0.09893366]\n",
      " [0.7895722  0.16609462 0.04433325]\n",
      " [0.10828886 0.07006448 0.82164663]\n",
      " [0.42922541 0.18273069 0.38804385]\n",
      " [0.01282847 0.01983584 0.96733564]\n",
      " [0.13126326 0.22175042 0.6469863 ]\n",
      " [0.08508435 0.23919691 0.6757188 ]\n",
      " [0.21724023 0.5270387  0.25572106]\n",
      " [0.16916357 0.7484068  0.0824296 ]\n",
      " [0.15518501 0.02527602 0.819539  ]\n",
      " [0.3370237  0.5214749  0.14150141]\n",
      " [0.1831105  0.5636166  0.25327286]\n",
      " [0.28708336 0.04026135 0.6726553 ]\n",
      " [0.1255883  0.02687694 0.84753484]\n",
      " [0.27264255 0.20706016 0.5202973 ]\n",
      " [0.12568201 0.63049203 0.24382594]\n",
      " [0.5299376  0.16673906 0.30332333]\n",
      " [0.12871492 0.31958023 0.5517048 ]\n",
      " [0.12439865 0.5182968  0.35730463]\n",
      " [0.13428107 0.5854622  0.28025678]\n",
      " [0.37045735 0.32316297 0.3063797 ]\n",
      " [0.24938281 0.71171314 0.03890411]\n",
      " [0.18653673 0.4359836  0.37747967]\n",
      " [0.9075592  0.06247115 0.02996968]\n",
      " [0.3578699  0.51439655 0.12773354]\n",
      " [0.24794286 0.56837547 0.18368164]\n",
      " [0.2762567  0.17976591 0.5439774 ]\n",
      " [0.05609011 0.47370422 0.47020566]\n",
      " [0.04762833 0.773239   0.1791326 ]\n",
      " [0.27910852 0.48791963 0.23297186]\n",
      " [0.08999843 0.10586279 0.8041387 ]\n",
      " [0.31955424 0.49114084 0.18930487]\n",
      " [0.33912298 0.58759296 0.07328399]\n",
      " [0.32101235 0.31596488 0.3630228 ]\n",
      " [0.45536745 0.33420426 0.21042836]\n",
      " [0.6751417  0.19119693 0.13366139]\n",
      " [0.31842083 0.13016596 0.5514132 ]\n",
      " [0.14655975 0.09664884 0.7567915 ]\n",
      " [0.04300573 0.17458162 0.7824127 ]\n",
      " [0.27420413 0.21761093 0.5081849 ]\n",
      " [0.33266386 0.5043038  0.16303234]\n",
      " [0.48747838 0.42874756 0.08377413]\n",
      " [0.39755163 0.18498269 0.41746563]\n",
      " [0.24101102 0.10228494 0.65670407]\n",
      " [0.34719482 0.09938762 0.55341756]\n",
      " [0.47736916 0.20465693 0.31797388]\n",
      " [0.9433425  0.04893289 0.0077247 ]\n",
      " [0.5767971  0.35020715 0.07299574]\n",
      " [0.34796354 0.2310257  0.42101076]\n",
      " [0.3162784  0.5310428  0.1526788 ]\n",
      " [0.6634909  0.09503856 0.24147058]\n",
      " [0.5298313  0.3747374  0.09543134]\n",
      " [0.4783428  0.04458124 0.477076  ]\n",
      " [0.43730554 0.320334   0.24236046]\n",
      " [0.22584437 0.27016005 0.5039956 ]\n",
      " [0.1093659  0.12648691 0.7641472 ]\n",
      " [0.67599607 0.21707194 0.10693207]\n",
      " [0.3073199  0.5478359  0.14484423]\n",
      " [0.35922012 0.5605184  0.08026144]\n",
      " [0.44953763 0.38958487 0.16087744]\n",
      " [0.50321877 0.14242822 0.35435304]\n",
      " [0.27740556 0.59053135 0.13206302]\n",
      " [0.44095168 0.11424491 0.44480342]\n",
      " [0.21401969 0.18749446 0.5984859 ]\n",
      " [0.3865113  0.03703753 0.5764512 ]\n",
      " [0.04286544 0.79553473 0.16159986]\n",
      " [0.07694286 0.38162076 0.5414364 ]\n",
      " [0.09027056 0.04626024 0.8634691 ]\n",
      " [0.4910658  0.0878434  0.4210908 ]\n",
      " [0.7984006  0.1679207  0.03367868]\n",
      " [0.31497788 0.44653162 0.23849057]\n",
      " [0.63220626 0.34340417 0.02438954]\n",
      " [0.60487825 0.3496442  0.0454776 ]\n",
      " [0.75807065 0.1535451  0.08838424]\n",
      " [0.04015703 0.75654244 0.20330042]\n",
      " [0.18586752 0.0830905  0.73104197]\n",
      " [0.2352983  0.05305417 0.7116475 ]\n",
      " [0.36480772 0.39548454 0.23970772]\n",
      " [0.14142796 0.32129326 0.5372788 ]\n",
      " [0.11397317 0.43669802 0.44932878]\n",
      " [0.17112866 0.54265296 0.28621835]\n",
      " [0.08698607 0.07061305 0.8424009 ]\n",
      " [0.05522628 0.07792135 0.86685234]\n",
      " [0.09491955 0.21478437 0.6902961 ]\n",
      " [0.75157183 0.02026681 0.2281614 ]\n",
      " [0.711388   0.16836047 0.12025152]\n",
      " [0.5712977  0.21459378 0.21410848]]\n",
      "cpp loss value: 2.4382424354553223\n",
      "1.435461547342446\n"
     ]
    },
    {
     "data": {
      "text/plain": [
       "np.float64(2.438242892883718)"
      ]
     },
     "execution_count": 3,
     "metadata": {},
     "output_type": "execute_result"
    }
   ],
   "source": [
    "loss = cppapi.LossFn(cppapi.LossType.CROSS_ENTROPY)\n",
    "\n",
    "\n",
    "Q = np.random.randn(100, 3)\n",
    "print(\"Predictions:\\n\", Q)\n",
    "print(\"Python softmax:\\n\", softmax(Q, axis=1))\n",
    "\n",
    "cppapi.loss_functions.forward(loss, Q.astype(np.float32), Xenc.astype(np.float32))\n",
    "\n",
    "print(\"softmax matrix\\n\", loss.place_holder)\n",
    "\n",
    "print(\"cpp loss value:\", loss.loss_value)\n",
    "\n",
    "print(log_loss(Xenc, softmax(Q, axis=1)))\n",
    "\n",
    "np.sum(-Xenc * np.log(loss.place_holder) - (1-Xenc) * np.log(1-loss.place_holder)) / 100\n"
   ]
  }
 ],
 "metadata": {
  "kernelspec": {
   "display_name": "cppdl",
   "language": "python",
   "name": "python3"
  },
  "language_info": {
   "codemirror_mode": {
    "name": "ipython",
    "version": 3
   },
   "file_extension": ".py",
   "mimetype": "text/x-python",
   "name": "python",
   "nbconvert_exporter": "python",
   "pygments_lexer": "ipython3",
   "version": "3.10.14"
  }
 },
 "nbformat": 4,
 "nbformat_minor": 2
}
